0.26672324794589602481 0.00000000099999999999 0.00516178654529691333 0.44634837842609942360 0.04796706316626732358 0.03555434462249642408 0.19824517829394386337 
0.12737130015238315450 0.00323247551604393486 0.00000000099999999999 0.24467591339755481727 0.05591702129102976010 0.04311829282507231853 0.52568499581791605646 
0.00865684679490249208 0.00756247298232193537 0.00000000100000000000 0.36219996647637031639 0.07939832437947742794 0.00395523711926486048 0.53822715124766296046 
0.00745758446099641092 0.00000000099999999999 0.05242451582100159102 0.37911756440176719307 0.00000000099999999999 0.14384331594830107592 0.41715701736793359133 
0.07958716645088791120 0.00000000099999999999 0.04672169799908475890 0.56099207446036225555 0.00000000099999999999 0.04984639181768565214 0.26285266727197942327 
0.06508675133050252637 0.00000000099999999999 0.00000000099999999999 0.41146832595173282732 0.02810284509988787011 0.01512890807466357561 0.48021316754321324849 
0.19525220225336620272 0.00000000099999999998 0.00000000099999999998 0.44693661124431577347 0.08430225732560366059 0.01349448391556371495 0.26001444326115058514 
0.22129558421056008677 0.00000000099999999999 0.00000000099999999999 0.25882553588406553846 0.05517248015003121953 0.08136598734536058808 0.38334041040998279026 
0.19336198382867594847 0.00000000100000000000 0.00000000100000000000 0.34681930906405561421 0.12730701465063226641 0.03963737624957853339 0.29287431420705761775 
0.00000000099999999999 0.00000000099999999999 0.04485386965621387945 0.37976491815955271125 0.00000000099999999999 0.22001094179022276376 0.35537026739401056386 
0.04813414420371377178 0.00000000099999999999 0.00000000099999999999 0.45711590457697337531 0.01284293865146757425 0.08489124949730518510 0.39701576107054020737 
0.08907903732887863246 0.00000000099999999998 0.00000000099999999998 0.38726916144838535727 0.00000000099999999998 0.12786047375153006267 0.39579132447120601856 
0.09243693731573814076 0.00681588109847303895 0.00000000100000000000 0.33509671353423120532 0.06287595394031886276 0.01625793375573370697 0.48651657935550512990 
0.10104861423604645509 0.00000000099999999999 0.03959537160088423546 0.37922080313125905437 0.00000000099999999999 0.16870478826737550504 0.31143042076443472332 
0.03186575735321941355 0.00000000099999999999 0.01366790327463228774 0.45494881290528621509 0.00000000099999999999 0.10488410388451696598 0.39463342058234529564 
0.21386171962459774032 0.00000000099999999999 0.00000000099999999999 0.45422452679744335091 0.00000000099999999999 0.09325971859767863414 0.23865403198028034559 
0.13881855360976241842 0.00000000099999999999 0.03400126573699718130 0.51300497072850992364 0.00000000099999999999 0.08378584457321183732 0.23038936335151866119 
0.09239083402442437032 0.00000000099999999999 0.00000000099999999999 0.30296336398567713655 0.00000000099999999999 0.18760480395408649090 0.41704099503581204544 
0.00000000099999999999 0.00850150697817925877 0.06590342573119079006 0.30832702998528971339 0.00000000099999999999 0.14731729021191536377 0.46995074509342488200 
0.07328865458803845989 0.00000000099999999998 0.00000000099999999998 0.35768619354133596167 0.02505432979546216854 0.14747520972281852325 0.39649561035234476281 
0.11030550203701797174 0.04948461589429291319 0.02094391924056725543 0.00000000100000000000 0.81926595982812200347 0.00000000100000000000 0.00000000100000000000 
0.02812331276788857665 0.07425570676655840474 0.43550342595510749266 0.00000000100000000000 0.45291389297872403086 0.00920365953172147012 0.00000000100000000000 
0.00000000099999999999 0.04908592288609728294 0.65954384934130871887 0.15700472684561875281 0.13436504818833386321 0.00000000099999999999 0.00000045073864134609 
0.03238236442608204840 0.07880338978223372370 0.43787917763572181684 0.00000000099999999999 0.40650157994457608579 0.04443348621138637489 0.00000000099999999999 
0.07502746816806629693 0.06822171653611706910 0.32028243094021008330 0.00000000099999999999 0.53646838135560659389 0.00000000099999999999 0.00000000099999999999 
0.01252032171183514904 0.01946471188498506699 0.36936754358427825728 0.00000000100000000000 0.52415356380213684595 0.06009874261397109979 0.01439511540279342708 
0.00000000099999999999 0.06700439781585397492 0.64970620032629988749 0.00000000099999999999 0.28327517945623420514 0.00000000099999999999 0.00001421940161185901 
0.00000188031149420002 0.04451683571065417899 0.45644348897133962817 0.00000000100000000000 0.42052405771435941162 0.00040616669749886326 0.07810756959465364746 
0.00000000099999999999 0.08710258817712855650 0.78574050236820314197 0.00000000099999999999 0.06391057563922734885 0.06305743423795290292 0.00018889757748795510 
0.00000000099999999999 0.09088185654527899948 0.87872898784076314271 0.03038915161395792583 0.00000000099999999999 0.00000000099999999999 0.00000000099999999999 
0.02445214242838131269 0.04567262732202813369 0.47720200724541195214 0.04003056124996166171 0.38391763559915936810 0.00163410475876317723 0.02709092139629451501 
0.02474254082516064157 0.00000000099999999999 0.94635537647920264792 0.00000000099999999999 0.00449437431398804366 0.02440770538164872480 0.00000000099999999999 
0.00000000099999999999 0.06537271409191665328 0.59646190292286094259 0.00000000099999999999 0.28685006002762902799 0.02296663264823004327 0.02834868830936332004 
0.00000000099999999998 0.25025480812043843226 0.71666337637232924163 0.00000000099999999998 0.03308181150723224495 0.00000000099999999998 0.00000000099999999998 
0.00000000099999999999 0.11775727668798209591 0.72327932847882281386 0.00000000099999999999 0.15896339083319507846 0.00000000099999999999 0.00000000099999999999 
0.00000000099999999999 0.09524057947094669019 0.25048087764004994815 0.01198263495603523431 0.53238577490282057436 0.00000000099999999999 0.10991013103014761476 
0.00000000099999999999 0.00000000099999999999 0.00000000099999999999 0.56035451593760277067 0.35033632988923468776 0.08930915017316232163 0.00000000099999999999 
0.00000000099999999998 0.00000000099999999998 0.00000000099999999998 0.30333450263119249302 0.46137055730851245228 0.09013407571774002813 0.14516086134255506979 
0.00000000099999999998 0.00000000099999999998 0.00000000099999999998 0.42082269166721003595 0.34957419960813290727 0.08167974800946821434 0.14792335771518888565 
0.00000000099999999998 0.00000000099999999998 0.00651254981523882205 0.54941807031858169719 0.44406937586617961644 0.00000000099999999998 0.00000000099999999998 
0.00000000099999999999 0.00000000099999999999 0.00000000099999999999 0.28157780658052916634 0.36936451218236121541 0.16497206233025465960 0.18408561590685479370 
0.21519843862813509139 0.00000000099999999999 0.00000000669930183660 0.20996787296860999761 0.56296760697560821463 0.01186607272834477346 0.00000000099999999999 
0.02676017491872177342 0.00401443146179382166 0.00000000099999999999 0.26649767545198188579 0.44848695617451528328 0.04481997759139009357 0.20942078340159714367 
0.00000000099999999998 0.00000000099999999998 0.00000000099999999998 0.42317225094928012652 0.39621034823842848915 0.09588475085568784473 0.08473264695660355506 
0.10340333916818020277 0.00000000099999999999 0.03750230756070765253 0.39488650325685997755 0.45579888214074487651 0.00000000099999999999 0.00840896587350719801 
0.25260998748988816587 0.00000000099999999999 0.00000000099999999999 0.25115111205617890455 0.46421667857481957453 0.03202221887911332193 0.00000000099999999999 
0.00162703704395396396 0.00000000099999999997 0.00000000099999999997 0.38537661360312402969 0.41009023365893693125 0.05553879307600312343 0.14736732061798207827 
0.00000000099999999998 0.00000000099999999998 0.00000000099999999998 0.42833110370423882474 0.31609461940194938379 0.18694787668281634407 0.06862639721099535184 
0.17217875064900939330 0.00000000099999999998 0.00000000099999999998 0.25877891084007831335 0.42257286145095573904 0.07027960668124787202 0.07618986837870868334 
0.00000000099999999998 0.00000000099999999998 0.03044905294771770368 0.51672374958379096999 0.43344273306537633994 0.01938446140311493593 0.00000000099999999998 
0.26299425463138548231 0.00000000099999999999 0.03336476897587333651 0.33464160971561451863 0.32972765202553072639 0.03927171265159595803 0.00000000099999999999 
0.14073046701295513494 0.02040583036528990923 0.14473693970945578080 0.40846931776675338144 0.17102713931801716285 0.11463030482752860351 0.00000000100000000000 
0.10924668324321890056 0.00000000099999999999 0.09831448830145071704 0.41976645860854577830 0.35818664575262021410 0.01448572209416421931 0.00000000099999999999 
0.06699081253169936190 0.00000000099999999999 0.00254946031591865270 0.28937509399946187427 0.54876906167238159728 0.00358312594616254712 0.08873244453437600932 
0.11876578021474935853 0.00000000099999999999 0.00000000099999999999 0.43600400846397147081 0.43558003769751379997 0.00965017062376534451 0.00000000099999999999 
0.21878592055409268324 0.00000000099999999998 0.00000000099999999998 0.21506651691210212918 0.49405931296110505713 0.00000000099999999998 0.07208824657270025693 
0.81220934806003008966 0.00000000099999999998 0.00000000099999999998 0.18779064693996996849 0.00000000099999999998 0.00000000099999999998 0.00000000099999999998 
0.99999999400000016969 0.00000000099999999991 0.00000000099999999991 0.00000000099999999991 0.00000000099999999991 0.00000000099999999991 0.00000000099999999991 
0.79337353326441062418 0.01172513264286204407 0.00000000099999999998 0.19490133009272750386 0.00000000099999999998 0.00000000099999999998 0.00000000099999999998 
0.85333362311945715195 0.00000000099999999995 0.00000000099999999995 0.00000000099999999995 0.00000000099999999995 0.00000000099999999995 0.14666637188054290619 
0.83642147133540878379 0.00000000099999999995 0.00000000099999999995 0.16357852366459135762 0.00000000099999999995 0.00000000099999999995 0.00000000099999999995 
0.97213563216743503759 0.00000000099999999996 0.00000000099999999996 0.02071354704214311074 0.00000000099999999996 0.00000000099999999996 0.00715081679042191970 
0.89431620541566225757 0.00935777121929712297 0.00000000099999999999 0.09632601936504063544 0.00000000099999999999 0.00000000099999999999 0.00000000099999999999 
0.70016292867972762526 0.00000000099999999996 0.00000000099999999996 0.11548400781595227760 0.00000000099999999996 0.00000000099999999996 0.18435305950432023803 
0.89570178605960992790 0.00000000099999999997 0.00000000099999999997 0.10429820894039019963 0.00000000099999999997 0.00000000099999999997 0.00000000099999999997 
0.99999999400000005867 0.00000000099999999990 0.00000000099999999990 0.00000000099999999990 0.00000000099999999990 0.00000000099999999990 0.00000000099999999990 
0.99999999400000016969 0.00000000099999999990 0.00000000099999999990 0.00000000099999999990 0.00000000099999999990 0.00000000099999999990 0.00000000099999999990 
0.99999999400000005867 0.00000000099999999995 0.00000000099999999995 0.00000000099999999995 0.00000000099999999995 0.00000000099999999995 0.00000000099999999995 
0.84706976433108072122 0.00000000099999999998 0.04560763410820599384 0.10732259756071338419 0.00000000099999999998 0.00000000099999999998 0.00000000099999999998 
0.99999999400000016969 0.00000000099999999988 0.00000000099999999988 0.00000000099999999988 0.00000000099999999988 0.00000000099999999988 0.00000000099999999988 
0.89313182388764300601 0.00000000099999999994 0.00000000099999999994 0.10686817111235698274 0.00000000099999999994 0.00000000099999999994 0.00000000099999999994 
0.99999999400000016969 0.00000000099999999996 0.00000000099999999996 0.00000000099999999996 0.00000000099999999996 0.00000000099999999996 0.00000000099999999996 
0.87670235522025230512 0.00000000099999999995 0.00000000099999999995 0.00000000099999999995 0.00000000099999999995 0.00000000099999999995 0.12329763977974780853 
0.06862976220032010466 0.00000000099999999998 0.32263469454053966823 0.00000000099999999998 0.00000000099999999998 0.60873553925914003493 0.00000000099999999998 
0.06463499826538014748 0.00000000099999999999 0.34696633715540309284 0.00000000099999999999 0.00003845069010366031 0.58836021088911305554 0.00000000099999999999 
0.00000000099999999999 0.08904451839239700683 0.05296141970954225398 0.00000000099999999999 0.79815757009394394661 0.00009704505495958470 0.05973944474915719727 
0.08080152136009632891 0.06213877085820713325 0.22605004060145886258 0.00000000099999999998 0.63100966418023773929 0.00000000099999999998 0.00000000099999999998 
0.00669673839201690834 0.09326904107460924631 0.50373386765363237227 0.00000000100000000000 0.34880269276208508700 0.04749765811765633422 0.00000000100000000000 
0.05438848200477710421 0.16478325284615244484 0.67428787252281485731 0.00000000099999999999 0.10654038962625574094 0.00000000099999999999 0.00000000099999999999 
0.00968419342764905572 0.02956241591540628710 0.00000000099999999999 0.00162205739619439402 0.91787416041259350941 0.00000000099999999999 0.04125717084815681834 
0.00000000100000000000 0.03184138820328588637 0.01061550711976454869 0.11536678215215105670 0.77218898022462900688 0.00000000100000000000 0.06998734030016957874 
0.00000000100000000000 0.07592336711877489819 0.46787340294616169833 0.00000000100000000000 0.38513887250059464229 0.01548758754588657610 0.05557676788858226247 
0.01307726002868948682 0.07695786084988200104 0.40096002398579594361 0.04948990904338377433 0.41573255740701592353 0.04378238768523285557 0.00000000100000000000 
0.05346560991533368112 0.09910227613725766660 0.68841454097041243632 0.06475292895707956964 0.09426464201991656411 0.00000000099999999999 0.00000000099999999999 
0.00000000099999999999 0.05794655855210432971 0.70830302682302037631 0.00000000099999999999 0.16551867953206303441 0.00016954094470403332 0.06806219214810817209 
0.00000000099999999999 0.22378520497365345099 0.57472793570243552175 0.00000000099999999999 0.15180384758421569535 0.00000000099999999999 0.04968300873969541676 
0.00000109998445829796 0.03196981237530523851 0.61306735561373781884 0.00000000099999999999 0.27260828430141237355 0.00000000099999999999 0.08235344572508634942 
0.03918614438656542465 0.02469612286501159104 0.00109007246021445669 0.07199665065814160603 0.84987485350053526556 0.01315615512953154445 0.00000000100000000000 
0.18906296166196337460 0.07907805087636023134 0.04278226637205351929 0.00000000099999999999 0.62320927664062464313 0.06586744244899817025 0.00000000099999999999 
0.00000000100000000000 0.09336943700953218017 0.52925325619374985475 0.00000025482868939680 0.34121069512795049183 0.00001866953539083665 0.03614768630468730148 
0.10160907399655000338 0.09199564426713691123 0.25511387546216479638 0.00000000099999999999 0.55128140327414820732 0.00000000099999999999 0.00000000099999999999 
0.06042394228736026190 0.02486568977746676443 0.05126192561965722816 0.04661281410590287916 0.74419820961331573095 0.06176955171095481478 0.01086786688534236399 
0.00000000099999999999 0.04720793136246891758 0.77389996977701014380 0.00000000099999999999 0.17889209486052110032 0.00000000099999999999 0.00000000099999999999 
0.07101006823343039565 0.09836077412536485542 0.39713095565004735699 0.00000000099999999999 0.43349819899115737964 0.00000000099999999999 0.00000000099999999999 
0.15635135452577061943 0.06999787465553976296 0.00000000099999999999 0.00000000099999999999 0.77365076681868960584 0.00000000099999999999 0.00000000099999999999 
0.17285405269427925323 0.00000001536186199353 0.00000000100000000000 0.00000000414880253387 0.79195445572989542349 0.00000001267762477087 0.03519145838753601208 
0.04294743186457627288 0.00000000099999999999 0.06400480188464194309 0.09394852255077665304 0.67695229237983556292 0.00039659369798685130 0.12175035662218278154 
0.00001366996264078206 0.03801413008759292611 0.00000000100000000000 0.06388376086800889864 0.70767359319632938686 0.11643403228354837209 0.07398081260187971964 
0.00000000099999999999 0.00000000099999999999 0.00000000099999999999 0.18412066064350951500 0.69468641287727161959 0.12119292247921888139 0.00000000099999999999 
0.05945909609452156019 0.00000000099999999999 0.00000000099999999999 0.01022756522986653475 0.89030752771905308229 0.04000580795655867689 0.00000000099999999999 
0.00000000100000000000 0.05697833039893222123 0.00000000100000000000 0.02016553784543397704 0.62509701141021511983 0.15964383682659230579 0.13811528151882623838 
0.01983709644714747034 0.02854116939893442881 0.00000000100000000000 0.00623654142979943992 0.75377145627718677989 0.07008436783570563822 0.12152936761122637432 
0.00000000099999999999 0.00802350883695896779 0.00000000099999999999 0.05770674588912928782 0.78525322852433598886 0.09748861847455062013 0.05152789627502508962 
0.00000000099999999995 0.11100182207465633666 0.88899817292534377700 0.00000000099999999995 0.00000000099999999995 0.00000000099999999995 0.00000000099999999995 
0.01548194640751034308 0.00000000099999999999 0.00000000099999999999 0.05874374703446528373 0.00000000099999999999 0.00000000099999999999 0.92577430255802450887 
0.11873861287887933769 0.00000000099999999999 0.00000000099999999999 0.00000000099999999999 0.10510662497615341771 0.09719092154270543571 0.67896383760226175497 
0.19643972669561451938 0.00683633933701673774 0.00000000100000000000 0.00352143170910826017 0.01385458655609282837 0.02635932468860668551 0.75298859001356110987 
0.03526274442061209241 0.00000000099999999999 0.00000000099999999999 0.00000000099999999999 0.00000000099999999999 0.00001179276339992542 0.96472545881598803508 
0.00000000099999999997 0.00000000099999999997 0.00000000099999999997 0.01696698148918278012 0.00000000099999999997 0.00000000099999999997 0.98303301351081706638 
0.04259656852995067494 0.00000000100000000000 0.00000000100000000000 0.00610926767878900486 0.01493558400046163422 0.00000000547359679052 0.93635857231720187599 
0.12805417740532876181 0.00000000099999999999 0.00012817478662502022 0.09855017258107566513 0.00891631094342486621 0.03441698427999523996 0.72993417900355050953 
0.01797794880445831300 0.00000000100000000000 0.00000000100000000000 0.12058202394456957185 0.00000000100000000000 0.02045926529929869425 0.84098075895167345717 
0.25268546226652122133 0.00000000099999999997 0.00000000099999999997 0.00000000099999999997 0.00000000099999999997 0.00000000099999999997 0.74731453273347858701 
0.00000000099999999999 0.00000000099999999999 0.00000000099999999999 0.00000000099999999999 0.01421246577018770406 0.00620516341135958494 0.97958236681845278770 
0.00000000099999999999 0.00000000099999999999 0.00000000099999999999 0.00000000099999999999 0.01414993991130473333 0.00163019238465390783 0.98421986370404124234 
0.00000000099999999999 0.00000000099999999999 0.00000000099999999999 0.18081303870091194885 0.00000000099999999999 0.08133674843675738064 0.73785020886233054771 
0.21548985538449019761 0.00000000099999999999 0.06125113388388546409 0.16972788006420261309 0.00000000099999999999 0.01663769137838322712 0.53689343728903837771 
0.00000000099999999997 0.00000000099999999997 0.00000000099999999997 0.01119378680224599777 0.00000000099999999997 0.00000000099999999997 0.98880620819775388863 
0.03881247653239489059 0.00000000099999999999 0.00000000099999999999 0.08622066465959617176 0.00000000099999999999 0.10297359591689493608 0.77199325989111400315 
0.03699855920476657900 0.00000000099999999999 0.00000000099999999999 0.08008166593303261971 0.00000000099999999999 0.00479746081758980654 0.87812231104461102582 
0.10953894118715751249 0.00000000099999999999 0.00000000099999999999 0.00000000099999999999 0.00000000099999999999 0.00000000099999999999 0.89046105381284257341 
0.21541373481969686154 0.00000000099999999997 0.00000000099999999997 0.00000000099999999997 0.00000000099999999997 0.06355447413198388185 0.72103178704831927259 
0.00000000099999999998 0.00000000099999999998 0.00000000099999999998 0.01669110335064746126 0.00000000099999999998 0.04232224177713783675 0.94098665087221478043 
0.00000000099999999999 0.00000000099999999999 0.00000476520114746365 0.32366858101584150553 0.07688512524438957663 0.38176204024803267467 0.21767948629058872512 
0.15393758829804127242 0.00000000099999999999 0.00000000099999999999 0.25664104430918321942 0.02452196836521640735 0.45244685903754416900 0.11245253799001489470 
0.00000000099999999999 0.00000000099999999999 0.00031682481165395656 0.43311981880891409213 0.05657106104364974936 0.38678806145059629884 0.12320423188518589419 
0.01236648734076034768 0.00636485072522046010 0.18333005549900635578 0.38529532815563988235 0.00000000100000000000 0.38642017721669663644 0.02622310006267622451 
0.00000000099999999999 0.00000000099999999999 0.00000000099999999999 0.47056862685714523353 0.00000000099999999999 0.38525147891471911432 0.14417989022813559874 
0.00000000100000000000 0.00000000100000000000 0.04955801446124156323 0.35273778245955106359 0.16450216429840958110 0.38946608147140915346 0.04373595530938841069 
0.04134041293225830527 0.00000000100000000000 0.09838792625868651720 0.17846114309655985997 0.00364688991541752125 0.44496870784399400467 0.23319491895308383511 
0.20244446903917437397 0.00000000099999999998 0.19770542240322042105 0.15327341525034859915 0.00000000099999999998 0.41071700097100111160 0.03585969033625544672 
0.00000000099999999999 0.00000000099999999999 0.13110458993302406827 0.33432526301113280054 0.05311680696590533046 0.40447818141824132265 0.07697515667169649300 
0.00000000099999999998 0.00000000099999999998 0.18817631971160425630 0.20394341897843917821 0.00000000099999999998 0.42198556821289123775 0.18589469009706535707 
0.14070724714174184800 0.00000000099999999998 0.27340212411125414116 0.27400882852274760504 0.00000000099999999998 0.31188070030566450441 0.00000109791859202479 
0.06916241589061529471 0.00000000099999999999 0.16046184483051448288 0.31998478835200822035 0.00000000099999999999 0.39748835747875860269 0.05290259144810333103 
0.02749904206077885896 0.00819346336522643569 0.12693949129839593448 0.29218204461565400187 0.00000000099999999999 0.49169333498165740393 0.05349262267828739509 
0.12631567840266769154 0.00000000099999999999 0.21272102836814810178 0.12461786088546222828 0.00000000099999999999 0.39306346962207988627 0.14328196072164198216 
0.08862368969802081331 0.00000000099999999999 0.00000000099999999999 0.18092117007699057285 0.00000000099999999999 0.49193057037840753898 0.23852456684658110420 
0.03929069762061305343 0.00657348059990468629 0.00000000100000000000 0.26984747173048673208 0.14142091353908864404 0.34029217638683506575 0.20257525912307181026 
0.07480428429345085950 0.00000000099999999999 0.14103473532790292144 0.34264951502429563668 0.00000000099999999999 0.44134222733553518658 0.00016923601881527593 
0.16403682860081791883 0.00000000100000000000 0.13626509542768258654 0.26468405802590583287 0.07738959880597472141 0.31486389878036358247 0.04276051935925534453 
0.03274102163794585796 0.00000000100000000000 0.00000000100000000000 0.30240804308822416546 0.02146379800833548082 0.41539631271315741179 0.22799082255233707461 
0.19308663099702264021 0.01866761186841917400 0.00000000100000000000 0.08317282174972145947 0.07794695836948592471 0.62712596928829700271 0.00000000672705385577 
0.00002048418894409247 0.00000000100000000000 0.02152811221354115553 0.08769531527135834836 0.00000000100000000000 0.78905037709633962795 0.10170570922981664319 
0.00110844360123856997 0.00577367399912221725 0.00000000100000000000 0.06429425291301603396 0.04542719240001269476 0.74238725880241818178 0.14100917728419223862 
0.00132942176724788275 0.00000000099999999999 0.12975088668263257130 0.30469003227296970193 0.00000000099999999999 0.56422965627714971593 0.00000000099999999999 
0.06160352320066532494 0.00903194057273423723 0.00000000100000000000 0.05300978949548296876 0.02092457797479741269 0.69266692268884766381 0.16276324506747241738 
0.00000000099999999999 0.00000000099999999999 0.00000000099999999999 0.09297641712503716682 0.00043663476725612114 0.68428199486247720529 0.22230495024522958780 
0.01960334044949026133 0.00000000099999999999 0.02354786584341934941 0.03997702155904817034 0.00010890857629695534 0.73920499255565730312 0.17755787001608791531 
0.00000000099999999998 0.00000000099999999998 0.00000000099999999998 0.00000000099999999998 0.00000000099999999998 0.77312202063943402663 0.22687797436056594824 
0.00635091886109668755 0.00000000099999999997 0.00000000099999999997 0.12313310970191163052 0.00000000099999999997 0.66161390200332848011 0.20890206643366329708 
0.14261399248852985044 0.00000000099999999999 0.00000000099999999999 0.03603288512000069749 0.07121311918402811747 0.62929291703749345999 0.12084708416994791036 
0.02725084582152599577 0.00000000099999999999 0.06148418940321215276 0.06734750450390726562 0.00000000099999999999 0.66329863344941975001 0.18061882482193480914 
0.01868971913126570364 0.00000000099999999999 0.00000000099999999999 0.14791631852736109032 0.00000000099999999999 0.70938164962531602420 0.12401230971605721465 
0.00000000099999999999 0.00000000099999999999 0.00000000099999999999 0.02709356101567319403 0.04156891905956653505 0.63523121979608387910 0.29610629712867631014 
0.00000010063170932983 0.00000000099999999998 0.00000000099999999998 0.01188613463752282925 0.00000000099999999998 0.75981862721812354344 0.22829513451264429880 
0.05788810170376148395 0.00000000099999999999 0.03729043512356694512 0.20936282998323696436 0.00000000099999999999 0.60718389563234687056 0.08827473555708775788 
0.00000000099999999998 0.00000000099999999998 0.00000000099999999998 0.14214842973372684987 0.00000000099999999998 0.68581601507449319044 0.17203555119177996180 
0.00000000099999999999 0.00000000099999999999 0.00000000099999999999 0.01982629113202408547 0.11482767054962171593 0.65190099653756261588 0.21344503878079146286 
0.00000000099999999998 0.00000000099999999998 0.15347822093430404933 0.16679795318316248398 0.00000000099999999998 0.55184261249773569613 0.12788121038479768887 
0.00000000099999999998 0.00000000099999999998 0.02614661328404386392 0.29085630085268221467 0.00000000099999999998 0.68299708186327390269 0.00000000099999999998 
0.10744278902196637004 0.02525351306045496222 0.03933252653269502658 0.05292997597638481044 0.76619297791248608398 0.00884821649601286002 0.00000000100000000000 
0.00642019968894340376 0.00309593117419372293 0.08321317010105327983 0.13217027215045626387 0.69700357268531309973 0.03670926304962937592 0.04138759115041096281 
0.05655043471196006394 0.03907747286977442114 0.09201445368890481813 0.02209489081252918180 0.71354594201099608153 0.02547589613371171319 0.05124090977212370640 
0.07171693149288969893 0.02115414441166784190 0.01459854000463540677 0.00000000099999999999 0.86306658942013658731 0.00000000099999999999 0.02946379267067058758 
0.06801498998807316287 0.03897085797848037769 0.05256946470447589753 0.08203894743406052459 0.75840573789491005918 0.00000000100000000000 0.00000000100000000000 
0.06368161413951013705 0.04669135587384225933 0.00404865787062049388 0.00000000100000000000 0.77047727524525844167 0.00000000100000000000 0.11510109487076880530 
0.00000000099999999998 0.00000000099999999998 0.00000000099999999998 0.08600638247323949548 0.73781251421152660441 0.04678857093369418602 0.12939252938153975037 
0.13282436890638962823 0.02745251288027797040 0.10320718329519991407 0.00000000099999999999 0.72877807561253260538 0.00773785730559983093 0.00000000099999999999 
0.01206457996013685606 0.04464798847671073989 0.11208032607716746087 0.00865643391737443840 0.59401276531188118568 0.12023229810557806152 0.10830560815115131135 
0.04135496888973275165 0.03822838746332448551 0.00000000099999999999 0.00000000099999999999 0.88918809475343263404 0.03122854589351020671 0.00000000099999999999 
0.07521932288160679270 0.01662309419815023032 0.00000000099999999999 0.00000000099999999999 0.83115070603203922150 0.05398152670192159913 0.02302534818628212618 
0.12806253221328370295 0.00534652595866722501 0.00000000100000000000 0.00000000100000000000 0.78732043202882417976 0.00000000100000000000 0.07927050679922491294 
0.00000000099999999999 0.04017595903431265408 0.00000000099999999999 0.14032389447988477538 0.78881834378135684549 0.03067452947599070764 0.00000727122845503418 
0.11094236465308253414 0.04123256047274862640 0.00000000099999999999 0.00277155560212798179 0.84505351627204094989 0.00000000099999999999 0.00000000099999999999 
0.04100204483729610883 0.08308738757152839272 0.45599877833924579162 0.04793243248440215432 0.25987788732915478862 0.05796078631225472927 0.05414068312611810402 
0.13844700069839713241 0.04270281386962353903 0.00000000099999999999 0.00000000099999999999 0.81885018143197940699 0.00000000099999999999 0.00000000099999999999 
0.17979887476781408751 0.04447385995714539519 0.00000026325259675279 0.00000000099999999998 0.77572699902244390824 0.00000000099999999998 0.00000000099999999998 
0.07566559173096680524 0.00053471332711209829 0.03979768396545414755 0.00000000100000000000 0.73622517535421971857 0.08655585141569423213 0.06122098320655292025 
0.06324811236129707082 0.01547615862195705211 0.00000073830879899785 0.00189027949077690926 0.76559602522306913208 0.09011983302007459118 0.06366885297402632982 
0.04056328579493559405 0.05539274249819265555 0.00000000100000000000 0.08328644561769024679 0.72888992535551189178 0.05082105690654930424 0.04104654282712028729 
0.00000000099999999999 0.11153669158038152787 0.84993420111505457726 0.00000000099999999999 0.03852910330456391780 0.00000000099999999999 0.00000000099999999999 
0.00000000099999999994 0.12306111672930031276 0.87693887827069971763 0.00000000099999999994 0.00000000099999999994 0.00000000099999999994 0.00000000099999999994 
0.02927251912329211989 0.09071722693491378331 0.62058507131595341821 0.00000000100000000000 0.24376271318467973570 0.01566246744116100639 0.00000000100000000000 
0.00000000099999999999 0.08684854021612753439 0.83224177245672670278 0.00000000099999999999 0.00000000099999999999 0.04853127228318605824 0.03237841204395968536 
0.00000736378488435373 0.11470258072826654272 0.67534792519014230638 0.00354952550317209469 0.18700429861492195993 0.01138238405978165418 0.00800592211883113629 
0.01238190127818585701 0.07508061406726104781 0.72271294576320910252 0.00000000099999999999 0.18982453589134401506 0.00000000099999999999 0.00000000099999999999 
0.02125175514361555412 0.13080409329868211699 0.60647909337714389633 0.00000000099999999999 0.24146505518055855211 0.00000000099999999999 0.00000000099999999999 
0.00000000099999999998 0.03028251929237433041 0.95159403916301810167 0.01812343753329519191 0.00000000099999999998 0.00000000101131223627 0.00000000099999999998 
0.07730503826929882583 0.11910182360299065296 0.64625813083882543975 0.00000000099999999999 0.15733500428888508305 0.00000000099999999999 0.00000000099999999999 
0.08158125387051663735 0.15557729455830898724 0.14355188766941109901 0.00000000100000000000 0.61928956090176323634 0.00000000100000000000 0.00000000100000000000 
0.05178768252630945590 0.13531206441996701528 0.81290024905372360031 0.00000000099999999998 0.00000000099999999998 0.00000000099999999998 0.00000000099999999998 
0.03636042605827883439 0.00000000099999999999 0.95846219840742818974 0.00000000099999999999 0.00000000099999999999 0.00000000099999999999 0.00517737153429308986 
0.00000000099999999997 0.09387055536501477671 0.80179156142611385238 0.00000000099999999997 0.10433787920887130363 0.00000000099999999997 0.00000000099999999997 
0.00000000099999999999 0.03608036231266613381 0.65266274323210260455 0.00000000099999999999 0.25901733503064761077 0.00000000099999999999 0.05223955642458369408 
0.00000000099999999999 0.09235167899847201989 0.90764831600152817703 0.00000000099999999999 0.00000000099999999999 0.00000000099999999999 0.00000000099999999999 
0.00000000100000000000 0.05841561379715243946 0.84653242897811076251 0.00000049449968539134 0.05979893333840489295 0.00000000100000000000 0.03525252738664631791 
0.00000000099999999999 0.16622900626185710404 0.58729840372146968619 0.00000000099999999999 0.17316267055186818080 0.07330991646480490564 0.00000000099999999999 
0.00000000099999999999 0.14596429226989360295 0.82455198537162643913 0.00000000099999999999 0.00000000099999999999 0.00000000099999999999 0.02948371835848001207 
0.03787806458516006919 0.09582871966829717425 0.59466689626189417339 0.00000100307389070795 0.27162531441075787875 0.00000000099999999999 0.00000000099999999999 
0.05442597355455417590 0.14050609599156096974 0.57393364257489432045 0.00000000099999999998 0.23113428487899054242 0.00000000099999999998 0.00000000099999999998 
0.00000000099999999999 0.11440801823162924378 0.61206527005929145524 0.02505128329840806273 0.20337325804400468998 0.04510216836666659790 0.00000000099999999999 
0.00000000099999999998 0.00000000099999999998 0.97153250530081802783 0.02846748969918195052 0.00000000099999999998 0.00000000099999999998 0.00000000099999999998 
0.00000000099999999999 0.00179896900163961453 0.00000000099999999999 0.15178180258962659099 0.63794530857944609092 0.09229226905922595370 0.11618164877006180447 
0.08795778640991622210 0.00000000099999999999 0.00000000099999999999 0.21272968617932946911 0.68236328378455468613 0.01670592305087927054 0.00024331857532032059 
0.03620169102726757820 0.02916920396493916448 0.00000000100000000000 0.13728745255863697428 0.52299989890909204249 0.13021292401698567054 0.14412882852307862258 
0.00000000099999999999 0.00000000099999999999 0.00000000099999999999 0.19140409189112725374 0.68329747365374993162 0.03371163375695198500 0.09158679769817094918 
0.12685415443943623415 0.03067517808366858681 0.00000000099999999999 0.14414549121949279953 0.65193074422929231382 0.04268076606408963830 0.00371366496402025662 
0.00000000772310410148 0.00585167644155487176 0.00000000100000000000 0.23243364333083846307 0.60223547291453505270 0.10181747962935056018 0.05766171896061689922 
0.13798777451656918380 0.00000000099999999998 0.00000000099999999998 0.18082746862518214725 0.67754578577482127422 0.00000000099999999998 0.00363896808342756284 
0.00000000099999999999 0.00000000099999999999 0.00000000099999999999 0.09169921878164168094 0.71321688212565237386 0.02490857995142814127 0.17017531614127776041 
0.09076076960589953002 0.00000000099999999998 0.00000000099999999998 0.05607966411353541153 0.67160538220116205999 0.02212550986326505473 0.15942867221613785111 
0.00000000099999999997 0.00000000099999999997 0.00000000099999999997 0.15301650417213061295 0.61481895335318370588 0.14770198522473471092 0.08446255424995101346 
0.00000000099999999998 0.00000000099999999998 0.00000000099999999998 0.11046571697908334764 0.47225361990451864003 0.13578893823718454770 0.28149172187921356336 
0.00005076257388739608 0.04269961770202855555 0.00000000099999999999 0.15350790486545823343 0.59731809209900699198 0.02892770243156006504 0.17749591932805874883 
0.09774550109347436566 0.00538400325998918648 0.00000000100000000000 0.06440429655515673979 0.69886413194394125803 0.03584451655777783075 0.09775754958966061114 
0.03502795780067920889 0.00000000099999999998 0.00000000099999999998 0.19074239176571258780 0.71444475158331421927 0.05076699330464400778 0.00901790354564990446 
0.00000000099999999999 0.00465515665684694633 0.00000000099999999999 0.18533617210037095502 0.69671718923377501387 0.03641853558738538527 0.07687294442162155572 
0.00000000099999999999 0.00000000099999999999 0.00000000099999999999 0.17819290260534728643 0.54777976363628966272 0.09416128179812005561 0.17986604896024294131 
0.00000000099999999999 0.01188860554784413985 0.00000000099999999999 0.17093369116158890764 0.59084854647994788923 0.10347957285366428393 0.12284958195695462602 
0.01134249186806883178 0.00000000099999999999 0.00000000099999999999 0.14978613251404504503 0.66365769654951678458 0.14821977219680210203 0.02699390487156720642 
0.01873988040587205167 0.00000000100000000000 0.00621223984097034852 0.17213563126017253357 0.63717381707883546937 0.07935910661896646012 0.08637932379518310777 
0.00000000099999999999 0.00000000099999999999 0.00000000099999999999 0.18288311691624145605 0.59291834858223613214 0.07658667335627346306 0.14761185814524893645 
0.00000000099999999999 0.00000000099999999999 0.23948928338158351203 0.00000000099999999999 0.00000000099999999999 0.76051071161841643509 0.00000000099999999999 
0.02195367173310075817 0.00000000099999999999 0.14702386692178884275 0.00000000099999999999 0.18768289183911918139 0.64333956650599133376 0.00000000099999999999 
0.00000000099999999999 0.00000000099999999999 0.51382397945386193427 0.04233640022272533443 0.00000000099999999999 0.44383961632341273340 0.00000000099999999999 
0.00000000099999999998 0.00000000099999999998 0.32534508336593953581 0.00000000099999999998 0.00000000099999999998 0.67465491163406043906 0.00000000099999999998 
0.02734300674094276504 0.06281758320492054903 0.89918417124116600814 0.00000000099999999999 0.00000000099999999999 0.00000000099999999999 0.01065523581297073488 
0.92787902233161045906 0.00000000099999999995 0.00000000099999999995 0.00000000099999999995 0.00000000099999999995 0.00000000099999999995 0.07212097266838968235 
0.99999999400000016969 0.00000000099999999993 0.00000000099999999993 0.00000000099999999993 0.00000000099999999993 0.00000000099999999993 0.00000000099999999993 
0.91872330452669792589 0.00000000099999999996 0.00000000099999999996 0.08127669047330220164 0.00000000099999999996 0.00000000099999999996 0.00000000099999999996 
0.86788643231998230387 0.00000000099999999996 0.00000000099999999996 0.13211356268001780978 0.00000000099999999996 0.00000000099999999996 0.00000000099999999996 
0.40003327128554050374 0.00000000100000000000 0.05373062833380905928 0.07990701683278483847 0.38466952020947731139 0.08165956133838817022 0.00000000100000000000 
0.78115424315106674058 0.00000000099999999997 0.00000000099999999997 0.20811240242764569852 0.00000000099999999997 0.01073335042128776423 0.00000000099999999997 
0.71142115976214581607 0.00000000099999999996 0.00000000099999999996 0.14297136328203061129 0.00000000099999999996 0.00000000099999999996 0.14560747295582371352 
0.99999999400000005867 0.00000000099999999994 0.00000000099999999994 0.00000000099999999994 0.00000000099999999994 0.00000000099999999994 0.00000000099999999994 
0.99999999400000016969 0.00000000099999999987 0.00000000099999999987 0.00000000099999999987 0.00000000099999999987 0.00000000099999999987 0.00000000099999999987 
0.88040309024415197570 0.00000000099999999995 0.00000000099999999995 0.11959690475584809632 0.00000000099999999995 0.00000000099999999995 0.00000000099999999995 
0.99999999400000005867 0.00000000099999999993 0.00000000099999999993 0.00000000099999999993 0.00000000099999999993 0.00000000099999999993 0.00000000099999999993 
0.79438982968035642962 0.00000000099999999997 0.00000000099999999997 0.16495905835232702041 0.00000000099999999997 0.00000000099999999997 0.04065110796731681575 
0.00000000099999999999 0.00000000099999999999 0.00000000099999999999 0.00760584157556891145 0.11568279379446547162 0.64041012481689596481 0.23630123681306960948 
0.00000000099999999998 0.00000000099999999998 0.00000000099999999998 0.00000000099999999998 0.01215777778809085975 0.76602816385424843393 0.22181405435766057832 
0.00000000099999999999 0.00449688734657608009 0.00000000099999999999 0.00000000099999999999 0.01176714720646154615 0.73149659719529380730 0.25223936525166862355 
0.00000000099999999998 0.00000000099999999998 0.02252772363085195004 0.00000000099999999998 0.00679680499953694197 0.78378730361429138629 0.18688816475531982997 
0.00000000099999999997 0.00000000099999999997 0.00000000099999999997 0.10164666789094772836 0.00000000099999999997 0.79190621711507280800 0.10644711099397936860 
0.03528975215337481347 0.00000000099999999998 0.00000000099999999998 0.00000000099999999998 0.03812503443857431784 0.78135121996647927123 0.14523399044157170312 
